ScriptPos receive from pos  151817
===== =1==2==3==4==5==6==7==8=Hex=0==1==2==3==4==5==6 ====Asc Value====
0000h:60 00 05 00 20 01 00 00 01 01 01 01 00 af 02 00 |`...............
0010h:20 12 20 13 06 01 20 13 04 01 4c 41 4e 44 49 20 |..........LANDI.
0020h:20 20 20 20 36 5e 58 8e 31 38 33 35 20 20 20 20 |....6^X.1835....
0030h:20 20 20 20 20 20 20 30 30 30 37 35 32 32 35 35 |.......000752255
0040h:30 30 30 30 30 30 35 39 00 04 18 00 00 01 02 06 |00000059........
0050h:27 15 03 06 ba 06 19 c5 3f a0 cd 00 c0 00 5e 00 |........?.....^.
0060h:00 25 62 26 09 59 10 80 61 29 d4 91 21 20 19 49 |..b..Y..a......I
0070h:00 03 32 85 80 68 99 62 26 09 59 10 80 61 29 d1 |..2..h.b..Y..a..
0080h:56 15 60 50 00 50 00 00 01 01 53 32 85 82 14 00 |V.`P.P....S2....
0090h:00 49 12 0d 59 10 80 61 29 d0 00 00 00 00 d0 40 |.I..Y..a.......@
00a0h:00 00 05 91 00 00 00 00 00 00 00 04 16 45 57 85 |.............EW.
00b0h:43 95 cd 2b 14 e6 d4 ed c1 75 ff 72 4d          |C........u.rM
===== =============================================== =================

send to host  151817
===== =1==2==3==4==5==6==7==8=Hex=0==1==2==3==4==5==6 ====Asc Value====
0000h:00 ca 60 00 00 00 00 60 31 00 31 00 00 02 00 70 |..`....`1.1....p
0010h:24 04 c0 3a c0 98 19 16 62 26 09 59 10 80 61 29 |...:....b..Y..a.
0020h:20 00 00 00 00 00 00 00 98 00 37 23 49 12 00 21 |..........7.I...
0030h:00 06 37 06 22 60 95 91 08 06 12 9d 49 12 12 01 |..7..`......I...
0040h:94 90 00 33 28 58 01 04 99 62 26 09 59 10 80 61 |...3.X...b..Y..a
0050h:29 d1 56 15 60 50 00 50 00 00 01 01 53 32 85 82 |..V.`P.P....S2..
0060h:14 00 00 49 12 0d 59 10 80 61 29 d0 00 00 00 00 |...I..Y..a......
0070h:d0 40 00 00 05 91 00 00 00 00 00 00 31 30 30 30 |.@..........1000
0080h:30 30 30 30 30 30 39 39 4e 4e 30 30 30 30 30 30 |00000099NN000000
0090h:30 31 31 32 33 34 35 36 37 38 39 30 31 32 33 34 |0112345678901234
00a0h:35 31 35 36 45 57 85 43 95 cd 2b 14 26 00 00 00 |5156EW.C........
00b0h:00 00 00 00 00 11 22 00 00 00 00 00 00 12 00 00 |................
00c0h:00 00 04 16 43 41 34 31 33 46 38 38             |....CA413F88
===== =============================================== =================

ScriptPos send to pos  151847
===== =1==2==3==4==5==6==7==8=Hex=0==1==2==3==4==5==6 ====Asc Value====
0000h:60 00 20 00 05 01 00 00 01 01 01 01 00 53 02 00 |`............S..
0010h:20 20 20 20 20 20 20 20 20 20 20 20 20 20 20 30 |...............0
0020h:30 37 35 32 32 35 35 30 30 30 30 30 30 35 39 20 |075225500000059.
0030h:13 07 11 15 18 17 00 04 18 00 00 01 02 02 a6 a2 |................
0040h:00 00 00 15 0c 31 36 38 0a bd bb d2 d7 b3 ac ca |.....168........
0050h:b1 00 00 00 00 00 00 00 00                      |.........
===== =============================================== =================

send to host  151931
===== =1==2==3==4==5==6==7==8=Hex=0==1==2==3==4==5==6 ====Asc Value====
0000h:00 57 60 00 00 00 00 60 31 00 31 00 00 04 00 70 |.W`....`1.1....p
0010h:20 00 80 02 c0 80 11 16 62 26 09 59 10 80 61 29 |........b..Y..a.
0020h:20 00 00 00 00 00 00 00 98 00 37 23 00 00 00 30 |..........7....0
0030h:30 30 30 30 30 30 31 31 32 33 34 35 36 37 38 39 |0000001123456789
0040h:30 31 32 33 34 35 31 35 36 00 11 22 00 00 00 00 |012345156.......
0050h:00 42 45 41 42 42 43 37 39                      |.BEABBC79
===== =============================================== =================

recv from host  151939
===== =1==2==3==4==5==6==7==8=Hex=0==1==2==3==4==5==6 ====Asc Value====
0000h:00 90 60 00 00 00 00 60 31 00 31 00 00 04 10 70 |..`....`1.1....p
0010h:3e 00 81 0a d0 80 13 16 62 26 09 59 10 80 61 29 |>.......b..Y..a.
0020h:20 00 00 00 00 00 00 00 98 00 37 23 15 29 03 07 |..........7.....
0030h:11 10 12 08 08 00 08 12 34 56 78 31 30 30 30 30 |........4Vx10000
0040h:30 30 30 30 31 30 31 30 30 30 30 30 30 30 30 30 |0000101000000000
0050h:31 31 32 33 34 35 36 37 38 39 30 31 32 33 34 35 |1123456789012345
0060h:25 31 32 33 34 35 36 37 38 39 30 31 32 33 34 35 |.123456789012345
0070h:36 37 38 39 30 31 32 33 34 35 31 35 36 00 11 22 |6789012345156...
0080h:00 00 01 00 00 00 03 43 55 50 45 31 31 39 35 42 |.......CUPE1195B
0090h:39 38                                           |98
===== =============================================== =================

ScriptPos receive from pos  152729
===== =1==2==3==4==5==6==7==8=Hex=0==1==2==3==4==5==6 ====Asc Value====
0000h:60 00 05 00 21 01 00 00 01 01 01 01 00 af 02 00 |`...............
0010h:20 12 20 13 06 01 20 13 04 01 4c 41 4e 44 49 20 |..........LANDI.
0020h:20 20 20 20 36 5e 58 8e 31 38 33 35 20 20 20 20 |....6^X.1835....
0030h:20 20 20 20 20 20 20 30 30 30 37 35 32 32 35 35 |.......000752255
0040h:30 30 30 30 30 30 35 39 00 04 19 00 00 01 02 06 |00000059........
0050h:27 15 03 06 ba 06 19 c5 3f a0 cd 00 c0 00 5e 00 |........?.....^.
0060h:00 25 62 26 09 59 10 80 61 29 d4 91 21 20 19 49 |..b..Y..a......I
0070h:00 03 32 85 80 68 99 62 26 09 59 10 80 61 29 d1 |..2..h.b..Y..a..
0080h:56 15 60 50 00 50 00 00 01 01 53 32 85 82 14 00 |V.`P.P....S2....
0090h:00 49 12 0d 59 10 80 61 29 d0 00 00 00 00 d0 40 |.I..Y..a.......@
00a0h:00 00 05 91 00 00 00 00 00 00 00 04 16 45 57 85 |.............EW.
00b0h:43 95 cd 2b 14 45 2c 33 56 c8 c7 a4 8b          |C....E.3V....
===== =============================================== =================

send to host  152729
===== =1==2==3==4==5==6==7==8=Hex=0==1==2==3==4==5==6 ====Asc Value====
0000h:00 ca 60 00 00 00 00 60 31 00 31 00 00 02 00 70 |..`....`1.1....p
0010h:24 04 c0 3a c0 98 19 16 62 26 09 59 10 80 61 29 |...:....b..Y..a.
0020h:20 00 00 00 00 00 00 00 98 00 37 25 49 12 00 21 |..........7.I...
0030h:00 06 37 06 22 60 95 91 08 06 12 9d 49 12 12 01 |..7..`......I...
0040h:94 90 00 33 28 58 01 04 99 62 26 09 59 10 80 61 |...3.X...b..Y..a
0050h:29 d1 56 15 60 50 00 50 00 00 01 01 53 32 85 82 |..V.`P.P....S2..
0060h:14 00 00 49 12 0d 59 10 80 61 29 d0 00 00 00 00 |...I..Y..a......
0070h:d0 40 00 00 05 91 00 00 00 00 00 00 31 30 30 30 |.@..........1000
0080h:30 30 30 30 30 30 39 39 4e 4e 30 30 30 30 30 30 |00000099NN000000
0090h:30 31 31 32 33 34 35 36 37 38 39 30 31 32 33 34 |0112345678901234
00a0h:35 31 35 36 45 57 85 43 95 cd 2b 14 26 00 00 00 |5156EW.C........
00b0h:00 00 00 00 00 11 22 00 00 00 00 00 00 12 00 00 |................
00c0h:00 00 04 16 31 43 38 38 39 33 44 32             |....1C8893D2
===== =============================================== =================

recv from host  152732
===== =1==2==3==4==5==6==7==8=Hex=0==1==2==3==4==5==6 ====Asc Value====
0000h:00 9e 60 00 00 00 00 60 31 00 31 00 00 02 10 70 |..`....`1.1....p
0010h:3e 00 81 0e d0 88 13 16 62 26 09 59 10 80 61 29 |>.......b..Y..a.
0020h:20 00 00 00 00 00 00 00 98 00 37 25 15 37 03 07 |..........7..7..
0030h:11 10 12 12 31 00 08 12 34 56 78 31 30 30 30 30 |....1...4Vx10000
0040h:30 30 30 30 31 30 32 41 35 34 33 32 31 30 30 30 |0000102A54321000
0050h:30 30 30 30 30 30 31 31 32 33 34 35 36 37 38 39 |0000001123456789
0060h:30 31 32 33 34 35 25 31 32 33 34 35 36 37 38 39 |012345.123456789
0070h:30 31 32 33 34 35 36 37 38 39 30 31 32 33 34 35 |0123456789012345
0080h:31 35 36 26 00 00 00 00 00 00 00 00 11 22 00 00 |156.............
0090h:01 00 00 00 03 43 55 50 32 34 42 45 36 43 30 36 |.....CUP24BE6C06
===== =============================================== =================

ScriptPos send to pos  152732
===== =1==2==3==4==5==6==7==8=Hex=0==1==2==3==4==5==6 ====Asc Value====
0000h:60 00 21 00 05 01 00 02 01 01 01 01 01 11 02 00 |`...............
0010h:20 20 20 20 20 20 20 20 20 20 20 20 20 20 20 30 |...............0
0020h:30 37 35 32 32 35 35 30 30 30 30 30 30 35 39 20 |075225500000059.
0030h:13 07 11 15 27 29 00 04 19 00 00 01 02 03 a6 e8 |................
0040h:00 a1 21 49 00 00 00 cf 00 c5 32 25 42 31 2d 00 |...I......2.B1..
0050h:25 45 31 13 00 25 42 32 2d 00 25 45 32 12 00 25 |.E1...B2...E2...
0060h:46 46 15 31 32 33 34 35 36 37 38 39 30 31 32 33 |FF.1234567890123
0070h:34 35 00 25 46 46 16 65 70 61 79 35 b2 e2 ca d4 |45..FF.epay5....
0080h:c9 cc bb a7 00 25 46 46 14 30 30 30 30 30 30 30 |......FF.0000000
0090h:31 00 25 46 46 01 cf fb b7 d1 b3 b7 cf fa 00 25 |1..FF...........
00a0h:46 46 02 36 32 32 36 20 30 39 2a 2a 20 2a 2a 2a |FF.6226.09......
00b0h:2a 20 36 31 32 39 00 25 46 46 0a 32 30 31 33 2f |..6129..FF.2013.
00c0h:30 37 2f 31 31 20 31 35 3a 33 37 3a 30 33 00 25 |07.11.15:37:03..
00d0h:46 46 09 30 30 30 34 31 39 00 25 46 46 08 31 30 |FF.000419..FF.10
00e0h:30 30 30 30 30 30 30 31 30 32 00 25 46 46 07 30 |0000000102..FF.0
00f0h:2e 39 38 d4 aa 00 25 46 46 1b 00 25 46 46 18 00 |.98....FF...FF..
0100h:25 46 46 29 00 25 46 46 10 00 25 46 46 29 00 5e |.FF...FF...FF..^
0110h:27 87 23 f6 22 70 f1                            |.....p.
===== =============================================== =================

ScriptPos receive from pos  155204
===== =1==2==3==4==5==6==7==8=Hex=0==1==2==3==4==5==6 ====Asc Value====
0000h:60 00 05 00 22 01 00 00 01 01 01 01 00 af 02 00 |`...............
0010h:20 12 20 13 06 01 20 13 04 01 4c 41 4e 44 49 20 |..........LANDI.
0020h:20 20 20 20 36 5e 58 8e 31 38 33 35 20 20 20 20 |....6^X.1835....
0030h:20 20 20 20 20 20 20 30 30 30 37 35 32 32 35 35 |.......000752255
0040h:30 30 30 30 30 30 35 39 00 04 20 00 00 01 02 06 |00000059........
0050h:27 15 03 06 ba 06 19 c5 3f a0 cd 00 c0 00 5e 00 |........?.....^.
0060h:00 25 62 26 09 59 10 80 61 29 d4 91 21 20 19 49 |..b..Y..a......I
0070h:00 03 32 85 80 68 99 62 26 09 59 10 80 61 29 d1 |..2..h.b..Y..a..
0080h:56 15 60 50 00 50 00 00 01 01 53 32 85 82 14 00 |V.`P.P....S2....
0090h:00 49 12 0d 59 10 80 61 29 d0 00 00 00 00 d0 40 |.I..Y..a.......@
00a0h:00 00 05 91 00 00 00 00 00 00 00 04 12 45 57 85 |.............EW.
00b0h:43 95 cd 2b 14 d1 0a c1 a3 5d de 5d a8          |C........].].
===== =============================================== =================

send to host  155204
===== =1==2==3==4==5==6==7==8=Hex=0==1==2==3==4==5==6 ====Asc Value====
0000h:00 ca 60 00 00 00 00 60 31 00 31 00 00 02 00 70 |..`....`1.1....p
0010h:24 04 c0 3a c0 98 19 16 62 26 09 59 10 80 61 29 |...:....b..Y..a.
0020h:20 00 00 00 00 00 00 00 11 00 37 26 49 12 00 21 |..........7.I...
0030h:00 06 37 06 22 60 95 91 08 06 12 9d 49 12 12 01 |..7..`......I...
0040h:94 90 00 33 28 58 01 04 99 62 26 09 59 10 80 61 |...3.X...b..Y..a
0050h:29 d1 56 15 60 50 00 50 00 00 01 01 53 32 85 82 |..V.`P.P....S2..
0060h:14 00 00 49 12 0d 59 10 80 61 29 d0 00 00 00 00 |...I..Y..a......
0070h:d0 40 00 00 05 91 00 00 00 00 00 00 31 30 30 30 |.@..........1000
0080h:30 30 30 30 30 30 39 30 4e 4e 30 30 30 30 30 30 |00000090NN000000
0090h:30 31 31 32 33 34 35 36 37 38 39 30 31 32 33 34 |0112345678901234
00a0h:35 31 35 36 45 57 85 43 95 cd 2b 14 26 00 00 00 |5156EW.C........
00b0h:00 00 00 00 00 11 22 00 00 00 00 00 00 12 00 00 |................
00c0h:00 00 04 12 33 41 45 34 44 35 30 34             |....3AE4D504
===== =============================================== =================

ScriptPos send to pos  155234
===== =1==2==3==4==5==6==7==8=Hex=0==1==2==3==4==5==6 ====Asc Value====
0000h:60 00 22 00 05 01 00 00 01 01 01 01 00 53 02 00 |`............S..
0010h:20 20 20 20 20 20 20 20 20 20 20 20 20 20 20 30 |...............0
0020h:30 37 35 32 32 35 35 30 30 30 30 30 30 35 39 20 |075225500000059.
0030h:13 07 11 15 52 04 00 04 20 00 00 01 02 02 a6 a2 |....R...........
0040h:00 00 00 15 0c 31 36 38 0a bd bb d2 d7 b3 ac ca |.....168........
0050h:b1 00 00 00 00 00 00 00 00                      |.........
===== =============================================== =================

send to host  155250
===== =1==2==3==4==5==6==7==8=Hex=0==1==2==3==4==5==6 ====Asc Value====
0000h:00 57 60 00 00 00 00 60 31 00 31 00 00 04 00 70 |.W`....`1.1....p
0010h:20 00 80 02 c0 80 11 16 62 26 09 59 10 80 61 29 |........b..Y..a.
0020h:20 00 00 00 00 00 00 00 11 00 37 26 00 00 00 30 |..........7....0
0030h:30 30 30 30 30 30 31 31 32 33 34 35 36 37 38 39 |0000001123456789
0040h:30 31 32 33 34 35 31 35 36 00 11 22 00 00 00 00 |012345156.......
0050h:00 38 35 32 30 34 42 37 41                      |.85204B7A
===== =============================================== =================

recv from host  155344
===== =1==2==3==4==5==6==7==8=Hex=0==1==2==3==4==5==6 ====Asc Value====
0000h:00 90 60 00 00 00 00 60 31 00 31 00 00 04 10 70 |..`....`1.1....p
0010h:3e 00 81 0a d0 80 13 16 62 26 09 59 10 80 61 29 |>.......b..Y..a.
0020h:20 00 00 00 00 00 00 00 11 00 37 26 16 02 31 07 |..........7...1.
0030h:11 10 12 08 08 00 08 12 34 56 78 31 30 30 30 30 |........4Vx10000
0040h:30 30 30 30 31 30 33 30 30 30 30 30 30 30 30 30 |0000103000000000
0050h:31 31 32 33 34 35 36 37 38 39 30 31 32 33 34 35 |1123456789012345
0060h:25 31 32 33 34 35 36 37 38 39 30 31 32 33 34 35 |.123456789012345
0070h:36 37 38 39 30 31 32 33 34 35 31 35 36 00 11 22 |6789012345156...
0080h:00 00 01 00 00 00 03 43 55 50 32 32 31 36 39 35 |.......CUP221695
0090h:38 46                                           |8F
===== =============================================== =================

send to host  155420
===== =1==2==3==4==5==6==7==8=Hex=0==1==2==3==4==5==6 ====Asc Value====
0000h:00 57 60 00 00 00 00 60 31 00 31 00 00 04 00 70 |.W`....`1.1....p
0010h:20 00 80 02 c0 80 11 16 62 26 09 59 10 80 61 29 |........b..Y..a.
0020h:20 00 00 00 00 00 00 00 11 00 37 26 00 00 00 30 |..........7....0
0030h:30 30 30 30 30 30 31 31 32 33 34 35 36 37 38 39 |0000001123456789
0040h:30 31 32 33 34 35 31 35 36 00 11 22 00 00 00 00 |012345156.......
0050h:00 38 35 32 30 34 42 37 41                      |.85204B7A
===== =============================================== =================

recv from host  155509
===== =1==2==3==4==5==6==7==8=Hex=0==1==2==3==4==5==6 ====Asc Value====
0000h:00 90 60 00 00 00 00 60 31 00 31 00 00 04 10 70 |..`....`1.1....p
0010h:3e 00 81 0a d0 80 13 16 62 26 09 59 10 80 61 29 |>.......b..Y..a.
0020h:20 00 00 00 00 00 00 00 11 00 37 26 16 04 01 07 |..........7.....
0030h:11 10 12 08 08 00 08 12 34 56 78 31 30 30 30 30 |........4Vx10000
0040h:30 30 30 30 31 30 34 30 30 30 30 30 30 30 30 30 |0000104000000000
0050h:31 31 32 33 34 35 36 37 38 39 30 31 32 33 34 35 |1123456789012345
0060h:25 31 32 33 34 35 36 37 38 39 30 31 32 33 34 35 |.123456789012345
0070h:36 37 38 39 30 31 32 33 34 35 31 35 36 00 11 22 |6789012345156...
0080h:00 00 01 00 00 00 03 43 55 50 36 43 41 35 37 31 |.......CUP6CA571
0090h:31 42                                           |1B
===== =============================================== =================

send to host  155550
===== =1==2==3==4==5==6==7==8=Hex=0==1==2==3==4==5==6 ====Asc Value====
0000h:00 57 60 00 00 00 00 60 31 00 31 00 00 04 00 70 |.W`....`1.1....p
0010h:20 00 80 02 c0 80 11 16 62 26 09 59 10 80 61 29 |........b..Y..a.
0020h:20 00 00 00 00 00 00 00 11 00 37 26 00 00 00 30 |..........7....0
0030h:30 30 30 30 30 30 31 31 32 33 34 35 36 37 38 39 |0000001123456789
0040h:30 31 32 33 34 35 31 35 36 00 11 22 00 00 00 00 |012345156.......
0050h:00 38 35 32 30 34 42 37 41                      |.85204B7A
===== =============================================== =================

recv from host  155553
===== =1==2==3==4==5==6==7==8=Hex=0==1==2==3==4==5==6 ====Asc Value====
0000h:00 90 60 00 00 00 00 60 31 00 31 00 00 04 10 70 |..`....`1.1....p
0010h:3e 00 81 0a d0 80 13 16 62 26 09 59 10 80 61 29 |>.......b..Y..a.
0020h:20 00 00 00 00 00 00 00 11 00 37 26 16 05 32 07 |..........7...2.
0030h:11 10 12 08 08 00 08 12 34 56 78 31 30 30 30 30 |........4Vx10000
0040h:30 30 30 30 31 30 35 30 30 30 30 30 30 30 30 30 |0000105000000000
0050h:31 31 32 33 34 35 36 37 38 39 30 31 32 33 34 35 |1123456789012345
0060h:25 31 32 33 34 35 36 37 38 39 30 31 32 33 34 35 |.123456789012345
0070h:36 37 38 39 30 31 32 33 34 35 31 35 36 00 11 22 |6789012345156...
0080h:00 00 01 00 00 00 03 43 55 50 30 43 35 34 31 44 |.......CUP0C541D
0090h:42 38                                           |B8
===== =============================================== =================

